37.7
-41.71
-42.51
-41.71
-38.5
-33.69
-25.67
-17.65
-7.22
2.41
12.83
22.06
29.68
36.9
41.71
44.92
43.72
40.11
34.89
27.27
18.05
8.02
-3.21
-13.64
-23.26
-30.88
-37.7
-42.51
-44.12
-43.32
-40.11
-34.49
-27.27
-18.05
-8.02
2.41
12.43
21.66
33.29
39.71
43.32
44.12
43.32
40.11
34.49
27.27
17.65
7.62
-3.21
-12.83
-22.46
-30.48
-36.9
-41.71
-44.12
-43.32
-40.11
-35.29
-27.27
-18.45
-8.82
6.42
16.04
24.87
32.09
38.5
42.51
44.12
43.32
40.11
35.29
28.07
19.25
8.82
-1.6
-12.83
-21.66
-29.68
-36.5
-41.31
-43.32
-43.32
-40.91
-36.1
-28.88
-15.64
-5.61
4.81
14.84
24.06
32.09
38.9
43.32
44.92
43.72
40.11
34.49
27.27
17.65
7.22
-3.21
-13.64
-23.26
-31.28
-38.5
-42.51
-44.12
-43.32
-36.9
-30.08
-21.66
-11.63
-1.6
8.82
18.45
27.27
34.49
40.11
43.32
43.72
41.71
36.9
29.68
21.66
11.23
1.2
-9.63
-19.25
-28.07
-35.29
-41.31
-44.52
-42.51
-38.5
-31.68
-23.26
-14.04
-4.01
6.42
16.04
24.06
31.68
38.1
41.71
42.51
41.71
38.9
33.69
26.47
17.65
8.02
-2.41
-12.83
-21.66
-29.68
-39.3
-42.51
-44.12
-42.51
-39.3
-34.09
-26.47
-17.65
-8.02
2.01
12.03
21.66
29.28
36.5
41.71
44.52
44.12
41.71
36.1
28.88
20.05
9.63
-0.8
-16.44
-25.67
-32.89
-39.3
-43.32
